113.70493,34.762239
113.735114,34.603328
112.983396,34.753481
113.049092,34.459712
113.660346,34.696208
113.722897,34.745395
113.664386,34.657518
113.592373,34.51404
113.69277,34.783008
113.747203,34.74534
113.5029,34.748788
113.618374,34.896973
113.444973,34.76967
113.567467,34.781907
113.592882,34.51423
113.685078,34.77699
113.711812,34.725235
113.764924,34.730542
113.889195,34.733367
113.678811,34.7564
113.743833,34.782447
113.737272,34.782745
113.661041,34.774733
113.381822,34.540407
113.717235,34.745342
113.60577,34.718056
113.614606,34.735514
113.74149,34.393759
113.687492,34.770299
112.883972,34.36614
113.38539,34.536268
113.756526,34.383924
113.689633,34.874851
113.62012,34.757938
113.692848,34.790383
113.664482,34.749858
113.942086,34.68853
113.401273,34.452495
113.738437,34.61243
113.718585,34.717372
113.52692,34.589476
113.300825,34.798814
113.022849,34.461127
113.583139,34.748568
113.385298,34.773457
113.5829,34.748595
113.60359,34.780765
113.034846,34.451489
113.666891,34.747465
113.712243,34.7437
113.682769,34.76943
113.742159,34.399441
113.396617,34.531286
113.758379,34.747826
113.675808,34.797066
113.730845,34.397692
112.961349,34.646945
113.745357,34.388855
112.971343,34.751631
113.763182,34.38507
113.608712,34.72955
113.38489,34.78316
113.7335,34.724233
113.679694,34.726456
113.736184,34.756084
112.98367,34.75675
113.709806,34.762442
113.66564,34.755833
113.659476,34.809461
113.654278,34.710167
113.72953,34.608881
114.010153,34.721788
113.665893,34.740699
113.596163,34.729389
113.15905,34.45888
113.747661,34.387147
113.449224,34.815186
113.662985,34.656834
113.357405,34.528213
113.603115,34.738959
113.667525,34.756313
113.633477,34.756526
113.736904,34.386398
113.642508,34.720656
113.686548,34.600835
113.853134,34.756246
113.667195,34.796826
113.628439,34.769348
113.719488,34.756859
112.975159,34.742009
113.628243,34.812114
113.617784,34.718786
113.718476,34.694751
113.529105,34.592006
113.603558,34.750215
113.729904,34.73928
114.017487,34.724347
113.647501,34.773142
113.639462,34.710133
113.747704,34.736558
113.612578,34.740394
113.742521,34.708826
113.663896,34.764702
113.666142,34.757498
113.68483,34.332983
113.737206,34.605957
114.030825,34.733027
113.708445,34.76197
113.758051,34.725021
113.756148,34.749451
113.014129,34.753869
113.63215,34.732682
113.601668,34.746948
113.641228,34.710209
113.755543,34.74141
113.026621,34.620494
113.39306,34.78149
113.614606,34.735514
113.737344,34.730733
113.705393,34.762033
113.641575,34.790506
113.741922,34.746238
113.68813,34.597984
113.679759,34.591062
113.616822,34.803889
113.718312,34.696643
113.52718,34.763554
113.689388,34.331193
113.602909,34.746402
112.81801,34.418034
113.381262,34.78817
113.033537,34.449107
113.688444,34.757871
113.669081,34.756118
113.643323,34.718464
113.605109,34.71901
113.395378,34.544249
113.394481,34.544259
113.729792,34.749493
113.603729,34.761614
113.718564,34.717363
113.737489,34.782392
113.662752,34.657881
113.602022,34.74646
113.657394,34.732886
113.364232,34.539615
113.735387,34.604559
113.38533,34.782641
112.9713,34.368534
113.525353,34.766564
113.100016,34.713696
113.602251,34.746738
113.624466,34.76508
113.608712,34.72955
113.679864,34.784983
113.627673,34.756649
113.620638,34.748583
113.666073,34.753346
112.994631,34.739577
113.742022,34.744974
113.648491,34.811528
113.884971,34.560116
113.685242,34.837959
113.620362,34.705329
113.655787,34.662881
113.631236,34.702307
113.747645,34.40244
113.377554,34.536565
113.717597,34.785113
113.754814,34.738136
114.015064,34.737235
113.316914,34.518414
113.72276,34.697454
113.619228,34.769411
113.653389,34.822515
113.621385,34.755567
114.01838,34.723375
113.61694,34.770612
113.665893,34.740699
113.601716,34.746667
113.739863,34.605595
113.390442,34.780464
113.65675,34.71698
113.741321,34.403467
114.001766,34.716595
113.879867,34.717945
113.665995,34.757448
113.755495,34.756277
112.976671,34.754622
113.723415,34.571705
113.442049,34.770628
113.626218,34.777211
113.705642,34.742141
113.68045,34.81517
113.602851,34.757328
113.714551,34.744884
113.770928,34.775219
113.598365,34.729924
113.713602,34.724302
113.676152,34.750203
113.737132,34.352828
113.35138,34.439325
113.666888,34.753416
113.716576,34.755676
113.656482,34.811133
112.952658,34.765041
113.682531,34.749275
113.699983,34.754586
113.643461,34.725425
113.63537,34.766853
113.652738,34.521687
113.026163,34.458074
113.66394,34.657662
113.886212,34.734753
113.642678,34.736681
113.66694,34.783154
113.816781,34.73931
113.640939,34.798723
113.716346,34.688733
113.598052,34.758033
113.633089,34.725003
113.648632,34.660384
113.617653,34.77146
113.680862,34.752003
113.635297,34.710195
113.663325,34.744822
113.295963,34.818904
113.384656,34.542113
113.531531,34.878775
113.73523,34.605232
112.990044,34.755052
113.724312,34.743474
114.092534,34.735254
113.770357,34.382976
113.699417,34.770033
113.612693,34.873677
113.751268,34.39147
113.578237,34.875201
113.671797,34.696856
113.063644,34.43896
113.641844,34.725086
113.702758,34.662311
113.053233,34.457502
113.396179,34.545094
113.729485,34.744927
113.407124,34.784887
113.263893,34.436067
113.613997,34.719452
113.760507,34.717815
113.580818,34.755282
113.691038,34.743205
113.867701,34.74224
113.336234,34.803721
113.733429,34.729175
113.663478,34.870926
113.144897,34.493029
113.773443,34.732713
113.763719,34.416696
113.670013,34.828449
113.685894,34.769353
113.504923,34.562993
112.97326,34.73506
113.842168,34.682169
113.772438,34.757457
113.669076,34.742686
113.661031,34.874562
113.699006,34.765549
113.404346,34.516357
113.662939,34.657883
113.62906,34.826182
113.365359,34.539578
113.677514,34.719231
113.671933,34.795054
113.387009,34.536271
113.630958,34.815666
113.77029,34.380406
113.60164,34.745762
113.297212,34.806117
113.666084,34.750234
113.399265,34.45153
113.803296,34.49691
113.650294,34.715519
113.055849,34.451129
113.672815,34.887241
113.671772,34.698165
113.709648,34.653867
113.728861,34.746138
113.616597,34.7664
113.835192,34.486607
113.720644,34.733611
113.689459,34.870109
113.669279,34.765941
113.739349,34.744071
113.678411,34.736611
112.984536,34.754921
113.610839,34.756683
113.625531,34.820127
113.692994,34.777028
113.609704,34.740333
113.199437,34.328347
112.992469,34.747813
112.987339,34.739431
113.665734,34.758131
113.59591,34.757832
112.976722,34.764167
113.645077,34.660786
113.800556,34.496419
113.525611,34.766429
113.746522,34.743742
113.685933,34.75806
113.694186,34.748176
113.384748,34.536261
113.771642,34.381492
113.665819,34.801837
113.724461,34.744509
113.641376,34.717642
113.63297,34.714817
113.689444,34.774739
113.802291,34.493945
113.265701,34.43696
113.670956,34.707556
113.298429,34.81027
112.998103,34.734206
113.854717,34.737491
113.040384,34.458299
113.641898,34.798878
113.659325,34.69587
113.918395,34.805146
112.963157,34.647156
113.064507,34.792576
113.722456,34.747805
113.788222,34.493828
113.735908,34.605557
113.711307,34.73296
114.011522,34.732168
113.65391,34.82225
113.723879,34.572525
113.14659,34.397931
112.981572,34.74374
113.68273,34.769428
113.026543,34.459837
113.61807,34.765935
113.73256,34.354023
113.747284,34.739621
113.658527,34.756968
113.624862,34.875002
112.793343,34.404533
113.692414,34.747064
113.602031,34.7471
113.6323,34.815801
113.385143,34.776925
113.757609,34.748585
113.411059,34.785077
113.659545,34.696119
113.723036,34.787723
113.635747,34.80555
113.533048,34.826596
113.755465,34.738512
113.53058,34.81447
113.663966,34.657837
113.663067,34.657797
113.666572,34.73053
113.29972,34.817094
113.309098,34.799173
113.419762,34.750499
113.379109,34.538114
113.614767,34.770323
113.008631,34.441367
113.026004,34.459438
113.731344,34.603887
113.632712,34.799788
113.746885,34.385419
113.68529,34.831583
113.602051,34.747098
113.037425,34.444617
113.846165,34.576934
113.381801,34.793451
113.735818,34.760078
113.69811,34.785112
113.664087,34.657503
113.381594,34.788627
113.387198,34.787579
112.997402,34.739972
114.107094,34.651847
113.062621,34.438456
113.718021,34.741209
113.052114,34.445437
113.376467,34.788225
113.640698,34.798281
113.443354,34.757762
112.858966,34.674788
113.52369,34.759533
113.905831,34.728087
113.681102,34.753258
113.043079,34.458102
113.741112,34.393183
113.652731,34.831288
113.612622,34.761615
113.887583,34.558835
113.921245,34.672345
113.382095,34.538884
113.015192,34.755244
113.372416,34.784281
113.377004,34.789561
113.624163,34.723983
113.30633,34.80716
113.713335,34.746082
113.665793,34.757659
113.661057,34.895464
112.994106,34.738142
113.704539,34.77418
113.638593,34.791218
113.694181,34.748793
113.733303,34.392931
113.733411,34.351208
113.751512,34.749054
113.683167,34.739728
113.605618,34.752459
113.651646,34.733914
113.709757,34.74592
113.709501,34.737527
113.663271,34.710264
113.649974,34.744712
113.221388,34.843216
113.600221,34.379217
113.381818,34.788509
113.652291,34.803065
113.385572,34.79691
113.622696,34.764937
113.643774,34.734173
113.664718,34.656789
113.685429,34.601729
114.008315,34.727176
113.747603,34.386276
113.03284,34.4571
113.651549,34.765832
113.301971,34.800575
113.665893,34.740699
113.665893,34.740699
112.982706,34.754244
113.66336,34.657508
113.299563,34.807044
113.534456,34.826911
112.983762,34.746929
113.744895,34.756672
113.615846,34.806913
112.856796,34.673671
113.665893,34.740699
113.756974,34.743882
113.857222,34.708333
113.708364,34.723982
113.70055,34.881626
113.67602,34.617751
113.728411,34.745937
113.29585,34.803355
113.609072,34.835553
113.677898,34.724844
113.759001,34.747805
113.650106,34.747747
112.952385,34.766407
113.018699,34.800352
113.645929,34.781431
112.974685,34.749883
113.603623,34.726641
113.620932,34.748127
113.546183,34.7743
113.391835,34.791009
113.444747,34.88763
113.388903,34.536629
113.534061,34.879095
113.665893,34.740699
113.598932,34.77801
113.740015,34.393179
113.36251,34.539318
113.68548,34.595614
113.744943,34.684176
113.68153,34.78487
113.651789,34.710231
113.650743,34.733915
113.672124,34.88746
112.989484,34.744335
114.004582,34.712653
113.377536,34.538699
113.385102,34.793956
113.661727,34.750473
113.67844,34.689548
113.923295,34.720031
113.631254,34.700078
113.663844,34.657528
113.39433,34.51281
113.66527,34.799006
113.054582,34.789515
113.666158,34.739779
113.644244,34.743781
113.295736,34.802822
113.650711,34.73705
113.665311,34.742968
113.655356,34.777567
113.715996,34.405474
113.707295,34.741957
113.664568,34.657799
113.044629,34.453911
113.96764,34.71467
113.636557,34.724679
113.739341,34.744064
113.72398,34.767376
114.016373,34.717993
113.39771,34.536315
113.62066,34.746056
113.737473,34.781671
113.739836,34.598434
114.150743,34.871686
113.666362,34.755456
113.660194,34.753785
113.742385,34.395144
113.526275,34.757184
113.629958,34.715107
113.668986,34.756306
113.660813,34.774473
113.368222,34.536818
113.865032,34.56328
113.689799,34.77135
113.60224,34.809366
113.643511,34.718634
113.719171,34.773789
114.025884,34.722655
113.309791,34.799041
113.86326,34.48298
112.98449,34.754679
113.237584,34.727575
113.802872,34.496604
113.741988,34.757846
113.290758,34.813224
113.706075,34.762548
113.580929,34.725564
113.718059,34.784514
113.665311,34.742968
112.875317,34.614591
113.68875,34.80186
112.81871,34.416496
113.753947,34.748834
113.669978,34.814963
113.896355,34.738715
113.688849,34.614083
113.669811,34.776584
113.049049,34.450496
113.800933,34.814976
112.979621,34.740478
112.981973,34.754021
113.700915,34.717945
113.699205,34.739545
113.389384,34.545499
113.031627,34.459084
113.874071,34.733779
113.663922,34.749043
113.557719,34.82982
113.410256,34.797132
113.366413,34.538461
113.665311,34.742968
113.674392,34.754708
113.667112,34.751594
113.66326,34.74819
113.40443,34.790411
113.664225,34.768591
113.310076,34.808301
113.633885,34.632864
113.63298,34.70685
113.029701,34.455608
113.53619,34.829816
113.665223,34.741939
113.49797,34.785219
113.846759,34.63925
113.301283,34.800299
113.674308,34.748383
113.726197,34.700236
113.728603,34.735991
113.659453,34.750958
113.662703,34.657704
112.985698,34.754132
112.980041,34.755196
113.679791,34.713046
113.377493,34.788751
113.691882,34.793654
114.01754,34.72527
114.024479,34.725014
113.603039,34.724254
113.731181,34.395285
113.568501,34.807107
113.681711,34.748919
113.73895,34.60468
113.714255,34.721599
113.736018,34.391583
113.035331,34.454997
114.037632,34.729228
113.707081,34.761979
113.395623,34.539149
113.6183,34.772038
113.667195,34.796826
113.038019,34.457587
113.654891,34.662661
113.6071,34.835873
113.690347,34.75559
113.705716,34.762487
113.376267,34.787679
112.75852,34.41565
113.642748,34.716991
113.039394,34.457147
113.381668,34.532226
113.771209,34.387771
113.392743,34.531832
113.667045,34.709279
113.741396,34.741447
113.786431,34.375714
113.830437,34.513083
113.661673,34.720622
113.736056,34.745243
113.642194,34.717096
113.553144,34.793775
113.646237,34.660221
113.519668,34.761554
113.394208,34.790683
113.686672,34.602149
113.732456,34.752219
112.979524,34.752171
113.68227,34.770625
113.655635,34.78321
114.033225,34.702297
113.555131,34.819508
113.718085,34.695779
113.6602,34.770817
113.753455,34.749813
113.389202,34.789481
113.637755,34.796679
113.507715,34.562018
113.66042,34.750416
113.649477,34.830241
112.952354,34.514378
113.624133,34.724531
113.146906,34.397672
113.679389,34.783853
113.665173,34.75025
113.653643,34.765966
113.663233,34.748207
113.731638,34.598296
113.646349,34.661229
113.724546,34.741398
113.614606,34.735514
113.62581,34.815914
113.632716,34.744114
113.769917,34.776215
113.623919,34.72026
112.961808,34.643797
113.677909,34.733118
113.657444,34.722197
113.604231,34.801921
113.526101,34.76376
113.596615,34.729373
113.731555,34.393019
112.990316,34.742008
114.025764,34.726817
113.709688,34.745687
113.916891,34.80521
112.990818,34.741545
113.72229,34.69767
114.029363,34.723188
112.873701,34.617961
112.988445,34.745409
114.022235,34.719785
113.702259,34.881356
113.616328,34.870636
113.539104,34.762398
113.641572,34.740458
113.602632,34.746075
113.642027,34.792468
112.800633,34.402187
113.649309,34.772315
112.820854,34.419636
113.715,34.763846
113.70776,34.745937
113.89045,34.73231
113.739424,34.726107
113.655604,34.700564
113.636736,34.740417
113.60771,34.7317
113.892613,34.559374
113.667508,34.739644
113.670577,34.75403
114.00945,34.721912
113.385541,34.795694
113.740898,34.74384
113.717154,34.689041
113.498992,34.440683
113.665893,34.740699
113.740989,34.399407
113.395764,34.535289
113.819024,34.739221
112.984732,34.754903
112.98906,34.748676
113.737641,34.71268
113.66399,34.765632
113.657668,34.782734
113.820711,34.570057
113.621324,34.824069
113.403312,34.77872
113.684971,34.772245
113.060682,34.614444
113.750514,34.749953
113.739638,34.603447
112.970829,34.742305
114.015765,34.735746
113.291974,34.806165
113.715372,34.719155
113.62222,34.826035
113.649943,34.702973
113.736905,34.781768
112.921098,34.695119
113.663079,34.688566
113.39196,34.517478
113.736107,34.60597
113.666622,34.777226
113.037929,34.457352
113.70479,34.752782
113.693864,34.749844
113.66634,34.730575
113.798055,34.498568
113.39535,34.541816
113.405311,34.784731
113.71044,34.742219
113.625564,34.713378
113.665893,34.740699
113.664173,34.657799
113.029022,34.464317
113.695458,34.747057
113.648054,34.692796
113.935723,34.591347
112.990075,34.742545
112.993285,34.754304
113.650668,34.825073
113.385246,34.784293
113.622809,34.840246
113.694651,34.612341
113.73326,34.392873
113.651901,34.662877
113.035172,34.464781
113.641206,34.823673
113.619681,34.771995
113.619847,34.755669
113.690994,34.87065
113.615557,34.718262
113.73201,34.750147
113.735565,34.598512
113.67609,34.7854
113.726037,34.695451
113.684571,34.331185
113.390472,34.794629
113.652825,34.757166
114.023426,34.731374
113.671875,34.741125
113.714572,34.380951
113.674756,34.745897
112.983001,34.752315
113.310729,34.810989
113.693546,34.724626
113.670739,34.769356
113.657622,34.772039
113.681807,34.70104
114.014133,34.726054
113.893156,34.786133
113.662221,34.754878
113.728215,34.744907
113.153768,34.45726
113.026499,34.459917
113.559659,34.79762
113.681711,34.748919
113.692183,34.869307
113.665441,34.758537
113.667795,34.740493
113.680452,34.784823
113.654891,34.662652
113.667292,34.752479
113.683396,34.874331
113.728332,34.607268
113.719364,34.739903
113.38309,34.542542
113.03245,34.474086
113.652682,34.659983
113.609517,34.751249
113.617878,34.857356
113.644679,34.725643
113.69126,34.869247
113.70589,34.786218
113.028618,34.623768
113.397591,34.541717
113.719524,34.747291
113.753306,34.74809
113.646248,34.661669
113.664132,34.748705
113.665853,34.756792
113.729219,34.371427
113.607355,34.836186
113.197126,34.327559
113.760141,34.739884
113.66432,34.65761
113.29966,34.816888
112.990045,34.755416
113.738682,34.78137
113.720797,34.761482
113.700313,34.757148
113.679375,34.761357
113.692129,34.78859
112.98235,34.756337
113.047233,34.456846
113.711883,34.704713
113.691081,34.59775
113.608658,34.834091
113.746724,34.385515
113.872022,34.718082
113.617237,34.771431
113.62709,34.77665
113.66496,34.713658
113.641056,34.808727
113.618022,34.762291
112.971554,34.74249
112.982391,34.755716
113.384866,34.766482
113.31744,34.80824
113.599833,34.739703
113.650667,34.805392
114.012421,34.732888
113.589709,34.666814
113.667565,34.79798
113.653325,34.767139
113.669514,34.776639
113.853475,34.743314
113.698912,34.781162
113.855234,34.737505
113.654264,34.724756
113.63864,34.813787
113.643345,34.749358
113.284499,34.806778
113.620636,34.748698
113.719393,34.785333
112.987501,34.739125
113.729155,34.745596
113.635761,34.73581
113.709689,34.746642
113.859374,34.561199
113.87835,34.717886
112.817075,34.395765
113.405409,34.782883
113.382369,34.532623
113.712975,34.74528
113.042747,34.454107
113.724115,34.74218
113.630728,34.701493
113.649133,34.719995
112.98521,34.754666
113.646755,34.697868
113.671172,34.753703
113.602023,34.746443
113.572646,34.889493
113.651805,34.663177
113.748946,34.384964
112.814693,34.396592
113.629743,34.729007
114.028152,34.723505
113.68485,34.7392
113.71808,34.572656
113.661726,34.720144
113.858547,34.71044
113.363855,34.782877
113.886649,34.566478
113.414227,34.784974
113.045113,34.736216
113.600969,34.74707
113.817209,34.738832
113.716304,34.720212
113.651229,34.829613
113.312753,34.813034
113.517517,34.761795
113.665486,34.708149
113.575543,34.881952
113.369493,34.765958
113.664253,34.65761
113.384117,34.794994
113.665893,34.740699
113.615006,34.765711
113.687598,34.611699
113.601915,34.746601
113.773218,34.772935
113.655865,34.818763
113.655726,34.819366
113.667139,34.771354
113.66658,34.794113
113.526583,34.705587
113.672417,34.767731
112.999039,34.712225
113.60375,34.780799
113.662708,34.779592
113.294434,34.811145
113.503304,34.440024
113.68547,34.601437
113.498859,34.395388
113.854506,34.745545
113.687606,34.743906
113.702949,34.745251
113.362428,34.541323
114.109438,34.65611
113.659878,34.74935
113.31128,34.806274
113.92367,34.69986
113.682873,34.753075
113.527879,34.735712
113.664061,34.657799
113.698592,34.604421
113.698387,34.765433
113.590531,34.75872
113.947348,34.528423
113.350683,34.535099
113.775742,34.733852
113.732843,34.397644
113.750943,34.380161
113.599872,34.38092
113.662936,34.65685
113.404897,34.781348
113.158705,34.460185
113.15837,34.460495
113.444754,34.890138
113.744904,34.755881
113.647431,34.739933
112.985716,34.760432
113.624307,34.748036
113.733896,34.39512
113.611933,34.776557
113.672047,34.781289
113.620701,34.751769
113.678555,34.796487
113.637717,34.812537
113.613134,34.761729
113.70216,34.741741
113.526779,34.764047
113.661169,34.694291
113.33752,34.52333
113.601807,34.387948
113.641592,34.797735
112.985614,34.738723
113.648617,34.661756
113.83881,34.636852
113.736844,34.730716
113.291919,34.805323
113.715611,34.742181
113.68316,34.729166
113.237398,34.727122
113.292068,34.825696
113.663844,34.657747
113.730028,34.758669
113.665836,34.748135
113.75442,34.743662
113.311825,34.81113
113.7296,34.453446
113.660723,34.718786
113.667795,34.740493
113.726119,34.405452
113.667128,34.751593
113.688081,34.877213
112.760345,34.418194
113.734685,34.603175
113.015797,34.741394
113.600155,34.778652
113.665784,34.75757
112.971752,34.750819
113.665893,34.740699
113.657129,34.816518
113.666698,34.7451
113.765208,34.719123
113.668726,34.756752
113.630964,34.722711
113.607934,34.761887
113.631903,34.784334
113.714413,34.742581
113.665311,34.742968
113.678103,34.824315
113.726007,34.395454
113.931028,34.59194
113.831978,34.532056
113.765112,34.394668
113.387895,34.534266
113.878629,34.718121
113.693529,34.783814
113.654172,34.840266
113.372315,34.530622
112.975642,34.758637
113.70649,34.722199
113.706588,34.724567
113.637897,34.880687
113.727989,34.751492
113.561095,34.795023
113.664314,34.657073
113.723729,34.746149
113.665802,34.738941
113.66767,34.756309
113.665185,34.808597
113.52733,34.76595
113.578839,34.783966
113.60136,34.758179
112.991011,34.740629
113.286667,34.809496
113.602957,34.739914
113.723475,34.421912
113.685439,34.601701
113.646151,34.799401
113.691306,34.750392
113.866597,34.566012
113.703353,34.746263
113.719694,34.741374
113.733993,34.75846
112.946071,34.694421
113.419432,34.751792
113.610576,34.761264
113.668732,34.799697
113.754559,34.713647
113.378978,34.535978
113.639179,34.810512
113.67502,34.636052
113.555206,34.826792
113.035178,34.44476
113.309167,34.806285
113.045549,34.460494
113.396235,34.513748
113.67131,34.887315
113.37906,34.5375
113.647904,34.73155
113.729974,34.596124
113.559564,34.797631
113.017874,34.450672
113.525345,34.766755
113.687912,34.331597
113.711096,34.721147
113.675889,34.774474
113.665311,34.742968
113.640697,34.859941
113.846179,34.726287
113.649185,34.747806
113.643088,34.718379
113.483427,34.763007
113.731749,34.572904
113.670966,34.754023
113.29641,34.816561
113.71435,34.741614
113.664171,34.656699
113.705935,34.726734
113.6678,34.783803
112.990841,34.739478
113.156096,34.45614
113.642213,34.725086
113.667253,34.761717
113.653284,34.756836
113.625884,34.712176
113.304302,34.808368
113.744992,34.749519
113.894091,34.735225
113.403492,34.790454
113.760551,34.748525
113.659485,34.720819
113.652915,34.741989
113.830976,34.793738
112.984168,34.749577
113.383691,34.782414
113.728225,34.608917
112.992481,34.747617
113.675017,34.754325
113.607067,34.756003
113.75434,34.749223
113.768043,34.7766
112.96956,34.742629
113.608024,34.834965
113.836007,34.705074
113.404385,34.532491
113.650086,34.728385
113.662805,34.656807
113.618132,34.771762
113.665323,34.748537
113.687667,34.727533
113.606177,34.732786
113.526068,34.764774
113.679057,34.762452
113.295411,34.81834
113.681121,34.758297
113.783342,34.710351
113.700334,34.746193
113.66801,34.756739
113.640808,34.728824
113.641698,34.797685
113.667027,34.745375
113.568556,34.806186
113.13925,34.382374
113.720567,34.753914
113.663079,34.798699
113.663746,34.703531
113.027638,34.455532
113.665311,34.742968
113.631744,34.803556
113.746482,34.392404
113.379971,34.790393
113.678135,34.758856
113.036121,34.458159
113.666949,34.741581
114.030108,34.719187
113.665911,34.755749
113.667684,34.754219
113.500563,34.440443
113.723137,34.745045
113.728819,34.74516
113.373883,34.531089
113.541816,34.833088
113.718722,34.741355
113.662215,34.703115
113.664327,34.657072
113.663375,34.656922
113.841648,34.705575
112.760775,34.413314
112.820917,34.417744
113.740528,34.744189
112.977745,34.374468
113.639535,34.864944
113.630359,34.707325
113.559219,34.765938
113.931409,34.59232
113.728832,34.745049
113.661775,34.720133
113.376625,34.783768
113.943426,34.860902
113.616961,34.737724
113.713743,34.744184
113.66652,34.746597
113.647057,34.662124
113.610432,34.742205
113.680982,34.762592
113.374404,34.535747
113.67343,34.777628
113.295697,34.779012
113.64875,34.823449
113.608056,34.685855
112.976707,34.740667
113.829988,34.731754
113.575927,34.889165
113.663771,34.689398
113.608777,34.686339
113.675472,34.747558
113.705899,34.726738
113.362803,34.532401
113.680634,34.812634
113.750206,34.763252
113.550207,34.764097
113.640191,34.808369
113.685929,34.333281
113.787555,34.715149
113.731086,34.758157
113.659257,34.724823
113.641607,34.822995
113.301149,34.816714
113.881811,34.553566
113.300262,34.810869
113.593242,34.515286
113.71023,34.433988
113.629658,34.702829
113.599763,34.387055
113.266409,34.366815
113.60372,34.388483
113.800322,34.496271
113.690094,34.709695
113.548421,34.764197
113.661449,34.71724
113.685068,34.836739
113.53067,34.67403
113.658646,34.760129
113.746527,34.743899
113.767228,34.777459
113.722698,34.416647
112.969449,34.743129
113.037116,34.464657
113.300166,34.803008
112.975826,34.761953
113.032902,34.448302
113.027921,34.464053
113.93635,34.708491
113.387889,34.540453
113.919408,34.71923
113.368852,34.537461
113.042278,34.452116
113.14123,34.493687
113.66473,34.790301
112.984432,34.754796
113.686795,34.595472
113.667028,34.754986
113.644911,34.726104
113.76206,34.667708
112.884995,34.36421
113.603608,34.740761
113.03717,34.46472
113.73365,34.39705
113.601517,34.746736
113.658469,34.77131
113.643758,34.733024
113.533397,34.82658
113.294447,34.806546
113.614606,34.735514
113.887553,34.559189
112.976221,34.753412
113.99877,34.72059
113.579839,34.869358
113.408472,34.782583
113.679861,34.595196
113.692368,34.775967
113.667414,34.739685
113.6515,34.661776
113.671812,34.887131
113.684213,34.602539
113.704532,34.744526
113.762306,34.718243
112.977122,34.753389
113.682613,34.752966
113.679766,34.78466
114.015366,34.732254
112.975831,34.761978
113.688099,34.876993
113.832563,34.535273
113.619919,34.824641
113.655901,34.871613
113.667823,34.754175
113.698166,34.740505
113.756383,34.41803
113.693564,34.759978
113.73436,34.39937
113.665311,34.742968
113.696175,34.737571
113.834091,34.539646
113.69311,34.796954
113.656591,34.757252
113.641136,34.728285
113.661795,34.750807
113.663123,34.657784
113.858863,34.561556
113.73649,34.605522
113.692619,34.868734
113.739907,34.395576
113.67873,34.713858
113.70532,34.738737
113.736923,34.399209
113.665893,34.740699
113.660042,34.749676
113.866684,34.573032
113.94103,34.696815
113.732572,34.399033
112.98593,34.754776
113.622617,34.750009
113.04087,34.457521
113.708974,34.762242
113.377457,34.787178
113.385518,34.768958
113.666546,34.739273
113.666032,34.757438
113.52131,34.58347
113.713021,34.741548
113.698252,34.779831
113.039962,34.456597
113.642039,34.754806
113.745639,34.760419
113.73295,34.39324
113.392788,34.779766
113.666971,34.779167
113.403195,34.513443
113.279596,34.878643
113.642046,34.799222
112.991597,34.743685
112.98232,34.749797
113.688086,34.789094
112.993913,34.742813
113.961413,34.712795
113.408592,34.778843
113.689814,34.768641
113.599869,34.741397
113.295723,34.796984
113.607237,34.833085
113.720712,34.698114
113.527283,34.761645
113.494732,34.441479
113.792848,34.492296
113.645551,34.755925
113.64108,34.819809
113.597949,34.728978
113.667756,34.746715
114.004959,34.716562
112.981415,34.75379
113.730762,34.398947
113.6827,34.753479
113.867099,34.563272
113.60509,34.729046
113.389111,34.794935
113.415428,34.785766
113.460588,34.672965
113.046834,34.37743
113.652831,34.724951
113.637805,34.729111
113.665893,34.740699
113.943779,34.690917
113.685948,34.602105
113.62059,34.706112
113.79906,34.49745
113.665478,34.699947
113.637745,34.812306
113.666732,34.761175
113.616875,34.812003
113.63665,34.826194
113.037286,34.442575
113.920178,34.718681
113.73727,34.726157
113.665723,34.754284
113.742741,34.871277
113.687808,34.776853
113.884255,34.553547
113.633872,34.756101
113.361419,34.527639
113.693941,34.801336
113.385212,34.796702
113.586497,34.685165
113.645073,34.782053
112.989028,34.762382
113.630697,34.761297
113.9225,34.672316
113.68391,34.737145
113.730526,34.398696
113.639998,34.728426
113.963295,34.712597
113.149155,34.38841
113.665408,34.718318
113.65999,34.766967
113.756674,34.668063
112.970388,34.742597
113.712017,34.744411
113.675404,34.797449
113.54456,34.491604
113.730122,34.751981
112.819404,34.419561
113.697261,34.722894
113.381973,34.795092
113.692037,34.794409
113.054976,34.789278
113.317205,34.519716
113.793208,34.375455
113.688764,34.801239
113.70031,34.753674
113.609174,34.389574
113.300569,34.795803
113.853421,34.741604
113.615441,34.735556
113.864374,34.569496
113.657378,34.729221
113.634625,34.703011
113.607871,34.68458
113.70306,34.746067
113.728032,34.608897
113.752871,34.749888
113.68202,34.600883
113.670935,34.693819
113.10093,34.710789
113.664129,34.657072
113.668611,34.811528
113.931902,34.592232
113.73486,34.395817
112.990427,34.762663
113.415458,34.786006
113.689685,34.63209
113.758076,34.749161
113.72008,34.775942
113.386789,34.533018
113.6668,34.747353
113.75252,34.735817
113.614452,34.740153
113.648549,34.660834
113.88289,34.732758
113.62212,34.874217
114.038751,34.733736
113.389859,34.532584
113.6943,34.607219
113.047055,34.461991
113.665465,34.755206
113.035243,34.461558
113.855757,34.754077
113.838346,34.638232
113.613868,34.751078
113.659552,34.746293
113.033792,34.455386
113.668628,34.737425
113.728575,34.610076
113.644296,34.708878
113.024619,34.464566
113.72075,34.74196
113.38337,34.784163
113.6281,34.81451
112.983763,34.745432
113.69053,34.71585
113.298705,34.810288
113.667753,34.756279
113.039303,34.44971
113.740586,34.395139
113.682824,34.755457
113.651206,34.792292
113.363583,34.542078
113.650588,34.519891
113.667958,34.754412
113.66512,34.799267
113.381641,34.781823
112.97905,34.755526
113.709088,34.433281
113.731294,34.752508
113.652506,34.728372
113.686869,34.627441
113.713061,34.525563
113.621006,34.749135
113.892856,34.742554
113.392743,34.536292
113.652765,34.751078
113.652683,34.729093
113.64374,34.72512
114.022961,34.717405
113.530186,34.879424
113.028189,34.455447
112.981094,34.755241
113.920362,34.804179
113.691361,34.800533
113.601454,34.755475
113.385612,34.542452
113.68125,34.76245
113.64974,34.728826
113.626618,34.819212
113.694418,34.869201
113.003355,34.740018
113.665893,34.740699
113.14651,34.49106
113.382848,34.782176
113.65356,34.765593
113.983597,34.720817
113.393345,34.790669
113.672563,34.754017
113.042026,34.45086
113.649897,34.661379
113.609792,34.733501
113.645902,34.661211
113.653206,34.663268
113.80805,34.447187
113.390394,34.539069
113.684167,34.740723
113.728986,34.418387
113.734846,34.605003
113.357893,34.533846
113.668822,34.754951
113.045297,34.45577
113.68336,34.83216
113.719783,34.741932
113.689039,34.617115
113.638834,34.755425
113.311369,34.811332
112.986245,34.751963
113.688876,34.618454
113.020335,34.455751
113.634653,34.794908
113.722506,34.768354
113.40259,34.77874
113.494597,34.44325
113.712235,34.707574
113.37708,34.51607
113.736734,34.605321
113.864572,34.569957
113.670935,34.693763
113.724996,34.745135
113.497701,34.443741
113.682529,34.771489
112.884956,34.365858
113.650521,34.747261
113.58606,34.685741
113.716772,34.40315
113.74835,34.733675
113.667983,34.756799
113.159711,34.461388
113.618089,34.81691
113.441049,34.438214
113.665893,34.740699
113.626343,34.753202
113.697681,34.815599
113.402773,34.782683
113.55861,34.79829
113.637025,34.710196
113.672118,34.760308
113.033992,34.447374
113.597892,34.757439
112.983734,34.748142
113.401173,34.784808
113.646071,34.732708
113.607,34.753772
113.606755,34.73516
113.54714,34.80479
113.740979,34.745024
113.719456,34.771878
112.97404,34.753044
113.658511,34.76958
113.615785,34.736049
113.298509,34.846339
113.533417,34.826673
113.6652,34.748062
112.832523,34.3858
113.664515,34.657795
113.526836,34.766643
113.66697,34.756283
113.625982,34.710177
113.67088,34.742907
114.010295,34.729317
113.711979,34.743649
113.66544,34.749955
113.650805,34.519267
113.712163,34.434067
113.290394,34.683696
113.650684,34.825062
112.987339,34.739431
113.698202,34.75807
113.896556,34.741566
113.66581,34.757819
113.664552,34.657837
113.39357,34.792161
113.031675,34.455745
113.527306,34.76151
113.633203,34.703746
113.943488,34.689683
113.267841,34.366992
113.583166,34.748556
113.583585,34.74851
113.652573,34.729244
113.606926,34.8366
113.679019,34.749981
113.646728,34.710203
113.720757,34.733386
113.369083,34.539232
113.651327,34.660477
114.10854,34.653345
113.664327,34.657072
113.647271,34.726192
113.703617,34.750275
113.72899,34.745065
113.624887,34.721628
113.661527,34.758161
113.75248,34.748794
113.714626,34.724279
113.638315,34.881432
113.631839,34.803604
112.971097,34.74282
113.924327,34.509578
113.021581,34.448313
113.717837,34.709096
113.403901,34.778763
113.733387,34.399003
113.418948,34.805038
113.583376,34.89392
113.70486,34.742558
113.67773,34.75213
113.719861,34.770636
112.973885,34.751114
113.599497,34.754111
113.789006,34.494836
113.388619,34.536231
113.615812,34.759889
113.658567,34.731272
113.709993,34.432338
113.712157,34.754589
113.041859,34.468637
113.388798,34.533906
113.69979,34.780524
113.755215,34.740965
113.651864,34.662725
113.687583,34.598974
113.60684,34.836815
113.729315,34.598834
113.723299,34.396601
113.713859,34.743363
114.018955,34.72393
113.731214,34.396924
113.614971,34.760101
114.021814,34.714359
113.643302,34.754559
113.731296,34.603983
112.976486,34.753207
113.659768,34.696558
113.447044,34.673613
113.610244,34.739333
114.022826,34.717115
113.744207,34.870735
113.620612,34.745118
113.645599,34.660331
113.680796,34.7781
113.581319,34.690729
113.720395,34.776554
113.662869,34.657739
113.641086,34.754996
113.677611,34.784592
112.979514,34.749773
113.298091,34.801714
112.885376,34.366352
113.398944,34.525344
113.050599,34.379048
113.633481,34.823464
112.991496,34.739544
113.598397,34.729075
112.969223,34.742169
113.648758,34.733722
113.659101,34.750821
113.667781,34.783821
113.678342,34.722617
113.29641,34.816561
112.985871,34.738915
113.65522,34.730187
113.697504,34.782935
113.66816,34.75647
113.678717,34.756592
113.608421,34.751087
113.444985,34.892575
113.690703,34.770247
113.60525,34.752415
113.610704,34.762014
113.68656,34.805712
112.979791,34.754751
113.670094,34.759281
114.026094,34.730155
113.739375,34.352806
113.614463,34.720644
113.555168,34.826786
113.646553,34.786488
113.626343,34.753202
113.646706,34.660201
113.947749,34.692343
113.747675,34.75094
113.714211,34.696653
113.680786,34.591145
113.644505,34.745761
113.617531,34.772245
113.697707,34.76306
113.61417,34.754935
113.706157,34.744654
113.747768,34.394982
113.607276,34.752645
113.892726,34.735094
113.646422,34.79946
113.286853,34.810447
113.6754,34.754231
113.6554,34.713179
113.405183,34.790896
112.998281,34.736713
112.990993,34.743433
113.754658,34.713839
113.715771,34.710304
113.617274,34.823499
113.683122,34.781377
113.740184,34.392759
113.736666,34.782396
112.885148,34.365942
113.757583,34.755717
113.664061,34.657747
113.641279,34.715763
112.94987,34.767395
113.240038,34.722954
113.874126,34.556359
113.752327,34.384676
113.08316,34.455264
113.676866,34.807535
113.05424,34.45571
113.721724,34.777609
113.677101,34.821776
113.6829,34.723526
113.743392,34.392436
113.743335,34.389358
113.349313,34.671854
113.395765,34.532094
113.849372,34.681803
113.038026,34.446412
113.71127,34.433115
114.031814,34.719589
113.643306,34.738867
113.63662,34.773313
114.01893,34.722473
113.643322,34.718765
113.640572,34.825853
113.602561,34.810895
113.299109,34.814214
113.647647,34.828049
113.66357,34.819735
113.027369,34.463984
113.632409,34.768754
114.018503,34.7174
113.04211,34.450877
113.828722,34.373092
113.666479,34.750284
113.579109,34.868717
113.724802,34.680771
113.406077,34.539287
113.32016,34.455566
113.714255,34.721599
113.712014,34.744096
113.747987,34.7511
113.700261,34.754578
113.375995,34.533728
113.92367,34.702047
113.741924,34.75761
113.728785,34.745759
113.631603,34.702257
113.369806,34.533261
113.669616,34.740891
113.035081,34.463532
113.471719,34.766176
113.687571,34.87051
113.671837,34.758896
113.70562,34.743668
113.390035,34.536316
113.383131,34.782141
113.662953,34.779352
113.015327,34.753871
113.729128,34.745061
112.999613,34.739927
113.730727,34.397923
113.687973,34.608226
113.039113,34.458503
113.527767,34.766759
113.48584,34.765094
113.821684,34.772758
113.620488,34.704344
113.665818,34.798118
112.999308,34.771294
113.418809,34.819567
113.841954,34.638692
113.730418,34.399057
113.356151,34.788368
114.02985,34.7821
113.525777,34.764221
113.531775,34.706565
113.695322,34.747056
113.64585,34.744401
113.629198,34.757776
113.363498,34.532778
113.692018,34.718242
113.712694,34.741782
113.739946,34.605642
113.695867,34.871141
112.983285,34.758456
113.706419,34.717274
113.667795,34.740493
112.999142,34.747078
113.75407,34.762296
113.33477,34.806808
112.984509,34.752155
113.646744,34.744517
113.673267,34.801801
113.409873,34.796982
113.645028,34.742267
113.71282,34.700485
113.382052,34.53795
112.977196,34.37421
113.28766,34.68343
113.677219,34.793199
113.524494,34.766161
113.03304,34.459131
113.734527,34.395694
113.743355,34.784546
113.643084,34.736152
113.672394,34.773811
113.69962,34.751003
113.704516,34.74354
113.67741,34.727218
113.383665,34.536553
113.7102,34.70931
113.67224,34.803707
113.920978,34.510678
113.707323,34.779416
113.63239,34.70305
113.682846,34.749162
113.365329,34.532373
113.643031,34.718422
113.683664,34.8313
113.05375,34.786245
113.625659,34.777108
113.676811,34.77678
113.39463,34.782748
113.722982,34.397317
113.897481,34.738474
113.666431,34.747951
113.629167,34.701443
113.688222,34.873133
113.894529,34.735185
113.730957,34.389558
114.035851,34.721407
113.70092,34.717359
114.013044,34.721238
113.661519,34.759697
113.665311,34.742968
113.922364,34.699068
113.675919,34.820646
113.797421,34.818866
113.65067,34.714712
113.384832,34.783775
113.37907,34.537504
113.381065,34.802396
113.60177,34.73264
113.561169,34.821146
113.339108,34.802215
113.680941,34.784663
113.664799,34.657063
113.652888,34.789868
113.680796,34.7781
113.614606,34.735514
113.648188,34.819917
113.59623,34.514909
113.75292,34.66498
113.29811,34.802846
113.642153,34.705231
113.735103,34.748971
113.013708,34.757899
113.684135,34.832096
113.703156,34.872974
113.680865,34.785008
113.677237,34.73991
113.721365,34.768858
113.395792,34.540508
113.298952,34.808317
113.668347,34.757885
113.389776,34.787809
113.673772,34.734894
113.684671,34.780703
113.666083,34.753615
113.293092,34.808713
113.765345,34.712837
112.947922,34.695896
113.610383,34.732467
113.665754,34.731523
113.041137,34.456889
113.624236,34.840964
113.689034,34.326448
114.003507,34.666584
113.696098,34.703475
113.668158,34.799418
113.896681,34.73498
113.667498,34.739678
113.360851,34.539727
112.896656,34.312439
113.312784,34.454206
113.92813,34.701591
113.635817,34.801775
113.63842,34.814749
113.683614,34.718406
112.97916,34.753894
113.609407,34.389595
113.73603,34.60288
113.735601,34.61697
113.422601,34.517277
113.699072,34.772125
113.529814,34.760911
113.687153,34.776678
113.671212,34.74189
112.975383,34.371436
113.645662,34.660517
113.720096,34.718244
113.376722,34.534797
113.403553,34.782668
113.887189,34.559106
113.525195,34.761682
113.757128,34.747637
113.483566,34.762836
112.983411,34.751621
113.617895,34.858012
113.525831,34.76716
113.39071,34.538658
113.665311,34.742968
113.646,34.732528
113.71116,34.526526
113.651113,34.661077
113.623752,34.840011
113.018307,34.75125
113.725616,34.426024
113.797531,34.809436
113.630158,34.700791
113.401505,34.782635
113.728573,34.745055
113.953892,34.783314
113.527732,34.761635
113.701879,34.740422
113.618902,34.806174
113.023676,34.46435
113.66955,34.748502
113.733594,34.760141
113.606569,34.388915
113.73078,34.396526
113.729896,34.405415
113.426838,34.785605
113.699988,34.755647
113.395018,34.539168
113.716235,34.716488
113.720285,34.697324
113.67913,34.783796
113.736032,34.598547
113.743679,34.392748
113.656083,34.729126
113.531906,34.878544
113.645625,34.744529
113.59906,34.38803
113.636583,34.768129
113.6246,34.84101
113.66695,34.741627
113.689304,34.726184
113.909023,34.729748
113.80047,34.49765
113.742579,34.709626
113.665893,34.740699
113.621297,34.838958
112.986347,34.751226
113.681711,34.748919
113.043745,34.460885
113.603644,34.732044
113.681106,34.719125
114.011483,34.721934
113.605322,34.798333
113.757159,34.410641
113.387468,34.531005
113.909726,34.729268
113.018153,34.74749
113.705505,34.628539
113.375687,34.532687
113.363358,34.782843
113.613291,34.65153
113.720402,34.785741
113.603712,34.836063
113.889821,34.73316
113.91072,34.729171
113.748348,34.751363
113.384983,34.794986
113.620717,34.758812
113.37602,34.562821
113.716321,34.403357
113.293056,34.808036
113.587621,34.682515
